 init_energy: itysol =            0
 init_energy: esol_scaling =  F
 Solvent:            0
 init_molecule: Solvent:            0
 Secuencia:    Tyr Gly Gly Phe Met                                                                                                                                                                                                                                                                                                                                                                                                                                                                                                                                                                                                                                                                                                                                                                                                                                                                                                                                                                                                                                                                                                                                                                                                                                                                                                                                                                                                                                                                                                                                      
 ie          22
 File with sequence is EXAMPLES/enkefa.seq
 EXAMPLES/omega.var

 redvar> Met-Enkephalin: residue    2 Gly : omg set    180.000   Fixed
 redvar> Met-Enkephalin: residue    3 Gly : omg set    180.000   Fixed
 redvar> Met-Enkephalin: residue    4 Phe : omg set    180.000   Fixed
 redvar> Met-Enkephalin: residue    5 Met : omg set    180.000   Fixed
 redvar> Molecule Met-Enkephalin:    20 variable(s) remain unchanged
  
 RECOCIDO SIMULADO
  -1.5126878162850490       -1.5126878162850490       -1.5126878162850490       -1.5126878162850490       -1.5126878162850490       -3.1415926535897922       -1.5126878162850490       -1.5126878162850490       -3.1415926535897922       -1.5126878162850490       -1.3469909266873623       -3.1415926535897922       -1.5126878162850490       -1.5126878162850490       -1.5126878162850490       -1.5126878162850490       -3.1415926535897922       -1.5126878162850490       -1.5126878162850490       -1.5126878162850490       -1.5126878162850490       -1.5126878162850490       -1.5126878162850490       -1.5126878162850490        0.0000000000000000        0.0000000000000000        0.0000000000000000        0.0000000000000000        0.0000000000000000        0.0000000000000000     
  -1.5126878162850490       -1.5126878162850490       -1.5126878162850490       -1.5126878162850490       -1.5126878162850490       -3.1415926535897922       -1.5126878162850490       -1.5126878162850490       -3.1415926535897922       -1.5126878162850490       -1.5126878162850490       -3.1415926535897922       -1.5126878162850490       -1.5126878162850490       -1.5126878162850490       -1.5126878162850490       -3.1415926535897922       -1.5126878162850490       -1.5126878162850490       -1.5126878162850490       -1.5126878162850490       -1.5126878162850490       0.14480838558764980       -1.5126878162850490        0.0000000000000000        0.0000000000000000        0.0000000000000000        0.0000000000000000        0.0000000000000000        0.0000000000000000     
  -1.5126878162850490       -1.5126878162850490       -1.5126878162850490       -1.5126878162850490       -1.5126878162850490       -3.1415926535897922       -1.5126878162850490       -1.5126878162850490       -3.1415926535897922        2.4739799466465286       -1.5126878162850490       -3.1415926535897922       -1.5126878162850490       -1.5126878162850490       -1.5126878162850490       -1.5126878162850490       -3.1415926535897922       -1.5126878162850490       -1.5126878162850490       -1.5126878162850490       -1.5126878162850490       -1.5126878162850490       -1.5126878162850490       -1.5126878162850490        0

  -1.5126878162850490       -1.5126878162850490       -1.5126878162850490       -1.5126878162850490       -1.5126878162850490       -3.1415926535897922       -1.5126878162850490       -1.5126878162850490       -3.1415926535897922       -1.5126878162850490       -1.5126878162850490       -3.1415926535897922       -1.5126878162850490       -1.5126878162850490       -1.5126878162850490       -1.5126878162850490       -3.1415926535897922       -1.8712708057344489       -1.5126878162850490       -1.5126878162850490       -1.5126878162850490       -1.5126878162850490       -1.5126878162850490       -1.5126878162850490         0.0000000000000000        0.0000000000000000        0.0000000000000000        0.0000000000000000        0.0000000000000000        0.0000000000000000     
  -1.5126878162850490       -1.5126878162850490       -1.5126878162850490       -1.5126878162850490       -1.5126878162850490       -3.1415926535897922       -1.5126878162850490       -1.5126878162850490       -3.1415926535897922       -1.5126878162850490       -1.5126878162850490       -3.1415926535897922       -1.5126878162850490       -2.0902615434862559       -1.5126878162850490       -1.5126878162850490       -3.1415926535897922       -1.5126878162850490       -1.5126878162850490       -1.5126878162850490       -1.5126878162850490       -1.5126878162850490       -1.5126878162850490       -1.5126878162850490        00.0000000000000000        0.0000000000000000        0.0000000000000000        0.0000000000000000        0.0000000000000000        0.0000000000000000     
 ----------------------------------------------
  -1.5126878162850490       -1.5126878162850490       -1.5126878162850490       -1.5126878162850490       -1.5126878162850490       -3.1415926535897922       -1.5126878162850490       -1.5126878162850490       -3.1415926535897922       -1.5126878162850490       -1.5126878162850490       -3.1415926535897922       -1.5126878162850490       -1.5126878162850490       -1.5126878162850490       -1.5126878162850490       -3.1415926535897922       -1.5126878162850490       -1.5126878162850490       -1.5126878162850490        1.5193001123765794E-002  -1.5126878162850490       -1.5126878162850490       -1.5126878162850490        00.0000000000000000        0.0000000000000000        0.0000000000000000        0.0000000000000000        0.0000000000000000        0.0000000000000000     
  -1.5126878162850490       -1.5126878162850490       -1.5126878162850490       -1.5126878162850490       -1.5126878162850490       -3.1415926535897922       -1.5126878162850490       -1.5126878162850490       -3.1415926535897922        2.4739799466465286       -1.5126878162850490       -3.1415926535897922       -1.5126878162850490       -1.5126878162850490       -1.5126878162850490       -1.5126878162850490       -3.1415926535897922       -1.5126878162850490       -1.5126878162850490       -1.5126878162850490       -1.5126878162850490       -1.5126878162850490       -1.5126878162850490       -1.5126878162850490        0.0000000000000000        0.0000000000000000        0.0000000000000000        0.0000000000000000        0.0000000000000000        0.0000000000000000     
  -1.5126878162850490       -1.5126878162850490       -1.5126878162850490       -1.5126878162850490       -1.5126878162850490       -3.1415926535897922       -1.5126878162850490       -1.5126878162850490       -3.1415926535897922       -1.5126878162850490       -1.5126878162850490       -3.1415926535897922       -1.5126878162850490       -1.5126878162850490       -1.5126878162850490       -1.5126878162850490       -3.1415926535897922       -1.8712708057344489       -1.5126878162850490       -1.5126878162850490       -1.5126878162850490       -1.5126878162850490       -1.5126878162850490       -1.5126878162850490        0.0000000000000000        0.0000000000000000        0.0000000000000000        0.0000000000000000        0.0000000000000000        0.0000000000000000     
  -1.5126878162850490       -1.5126878162850490       -1.5126878162850490       -1.5126878162850490        2.1745900400609108       -3.1415926535897922       -1.5126878162850490       -1.5126878162850490       -3.1415926535897922       -1.5126878162850490       -1.5126878162850490       -3.1415926535897922       -1.5126878162850490       -1.5126878162850490       -1.5126878162850490       -1.5126878162850490       -3.1415926535897922       -1.5126878162850490       -1.5126878162850490       -1.5126878162850490       -1.5126878162850490       -1.5126878162850490       -1.5126878162850490       -1.5126878162850490        0.0000000000000000        0.0000000000000000        0.0000000000000000        0.0000000000000000        0.0000000000000000        0.0000000000000000     
  -1.5126878162850490       -1.5126878162850490       -1.5126878162850490       -1.5126878162850490       -1.5126878162850490       -3.1415926535897922       -1.5126878162850490       -1.5126878162850490       -3.1415926535897922       -1.5126878162850490       -1.5126878162850490       -3.1415926535897922       -1.5126878162850490       -1.5126878162850490       -1.5126878162850490       -1.5126878162850490       -3.1415926535897922       -1.8712708057344489       -1.5126878162850490       -1.5126878162850490       -1.5126878162850490       -1.5126878162850490       -1.5126878162850490       -1.5126878162850490        0
